2026-05-18_20-25-24,0,draft.gotko:2026-05-18_20-25-24
2026-05-18_20-25-27,0,draft.gotko:2026-05-18_20-25-24
2026-05-18_20-51-14,0,draft.gotko:2026-05-18_20-25-24
2026-05-18_20-53-33,0,draft.gotko:2026-05-18_20-25-24
2026-05-18_20-57-32,---,draft.gotko:2026-05-18_20-25-24
2026-05-18_20-57-43,---,draft.gotko:2026-05-18_20-25-24
2026-05-18_20-57-51,0,draft.gotko:2026-05-18_20-25-24
2026-05-18_20-57-57,---,draft.gotko:2026-05-18_20-25-24
2026-05-18_21-58-25,0,draft.gotko:2026-05-18_20-25-24
2026-05-19_13-56-11,0,draft.gotko:2026-05-18_20-25-24
2026-05-19_13-56-31,0,draft.gotko:2026-05-18_20-25-24
2026-05-19_15-53-02,0,draft.gotko:2026-05-18_20-25-24
2026-05-19_15-58-43,0,draft.gotko:2026-05-18_20-25-24
2026-05-19_19-46-33,14,main.go:2026-05-19_19-46-33
2026-05-19_19-47-34,100,main.go:2026-05-19_19-47-34
